- OS: Windows-11-10.0.26100-SP0 10.0.26100
- Python: 3.13.2
- Stable-Baselines3: 2.7.0
- PyTorch: 2.8.0+cpu
- GPU Enabled: False
- Numpy: 2.2.6
- Cloudpickle: 3.1.1
- Gymnasium: 0.29.1
